0 894 263 89 85 992 193 51 52 1041 202 50 40 307 187 54 43 623 189 225 127 409 186 55 44 
1 408.96972531360854 185.97260570482132 55.040579890383356 44.039674597772176 623.0013938719549 188.99924710198414 224.99806493581923 127.000741244637 305.7436242311006 186.81563974099964 57.436569944715245 45.43592307176095 1041.000534507641 201.9997892919622 49.99984960718234 40.000636142140735 991.9999843724705 193.00001013924637 51.00003253532202 51.99999758787666 893.8235952608185 263.1328184099623 89.28685157383131 84.82223162696789 
2 408.57585911082714 185.95195605730584 55.73167123384002 44.26802701645602 622.8835049462213 188.85636012578172 225.13969788628162 127.19416184250159 306.2165868809901 187.18873362578344 56.94955164949192 44.52268981481859 1040.985743364001 202.00215353145012 50.29873097806262 40.02130834044371 992.3877304759529 193.2286917077143 50.3435365151239 51.57243517732337 893.8594751832995 262.9695520508345 89.28121994561332 85.10634236233432 
3 409.98704268075136 185.3987923725907 55.26504747352152 46.214589398019996 621.6809461488139 188.80233326125452 227.40518059677424 127.29315263901489 306.27943074459563 187.30192849177433 56.886416428462155 44.41160020455257 1040.8858032915762 202.38654120056012 50.33564964500056 39.42110402462416 993.6847129797411 193.20888930492 47.879916739986584 51.781629983105915 909.8672447883498 263.82889832223896 75.51936080515111 79.15198348087682 
4 409.5960770873316 184.84757019259735 55.31115971045955 45.79116327434531 622.8644308732213 188.82201935316664 226.16040124293738 127.24058608653178 306.27995753122667 187.30398737737914 56.88245199616159 44.407257682053626 1041.0747159552639 201.3380550761365 49.9172249070657 40.32697177055036 913.0000634780957 265.60781515393273 90.35302317447031 75.44226965481744 
5 410.09946613986466 184.61728165374367 53.929443124439615 45.76594787279498 622.8642533241062 188.82437950205392 226.16107364975664 127.2378933464864 306.27961119439954 187.30154892993696 56.886226046408694 44.41213629567105 1041.3270535934114 201.482301865997 49.7860824770994 40.18494178129356 909.9142914230758 265.14763455636927 89.36271845603835 79.4269643825262 
6 407.941870028857 194.91486327476815 60.51890823399799 42.50625524610811 623.0597684587191 188.84587786823158 224.90239464634465 128.18129908213677 306.2811104527258 187.30018302716707 56.88430351585697 44.414774223680325 1040.9615609013742 202.19920641536928 50.37796262562392 39.44297692679271 934.5256584929915 266.2580508783856 60.531176799283344 67.4910039077327 
7 409.0144512772551 195.1785243471188 56.89209165381453 40.87104679549921 622.6861744333621 188.8104936115669 226.39856255825657 128.28432691514493 306.2794150026895 187.30405043959303 56.886859009235366 44.40861177094229 1041.1892349615712 202.45969356062088 49.62301961990852 39.249083518578345 924.0070264236635 263.0133285431313 81.98262654569862 78.97436872190815 
8 409.04767527470483 195.09740085124707 56.914083167222145 40.91547392626225 623.0973420193073 188.91189640174252 224.86074941437914 128.09454327530784 306.2800546451571 187.30353749582662 56.88585243304442 44.40922445382722 1041.1892943785892 202.46018406937233 49.62371924733975 39.24817308355793 923.9656008702572 262.91844861975784 82.07702473962115 79.15183274524924 
9 408.4801624775958 196.23484935098665 58.033529617483 41.232339349200146 621.6757110618535 188.80828708056552 227.41134227804014 128.28813277432354 306.2794537482094 187.3034999180637 56.88660434243769 44.40940260778393 1039.6974506460406 201.15413908765572 51.40773973179239 39.61014272999546 988.0073877246068 193.02543274202085 54.90261710504046 48.95095075282913 945.0640498813075 265.15039935272574 67.3922687765322 73.80454015051077 
10 412.381844225922 186.2438992148675 53.656249871854186 47.53831027695392 621.8621453352998 188.8234832321512 227.1629729934823 128.24005216226954 306.28087651027727 187.30420048161338 56.884676748181164 44.4079836739956 1040.2276198637237 201.26558096753877 50.48675101241224 39.46068158353887 988.2674930941757 193.9774553221928 55.63492270490906 47.32108994745562 943.8267114056192 260.9834149565307 81.2539823114422 79.03088625508872 
11 411.6022934506789 185.00328059827763 54.81259982352117 48.94239415628297 621.8626652698734 188.82423908271846 227.16237007188954 128.2389742087463 306.28070889732606 187.3035225162189 56.88427769507973 44.40992997327314 1040.0260222418376 201.11023229922318 50.703504169287044 39.77777341636107 988.0783208084238 194.01620060997868 55.97124166240906 47.231752163547725 941.8588890990364 262.02426168066836 79.28712421793534 77.09508350380611 
12 411.0806135624086 185.74275797143812 58.07235229568397 50.44039400095576 306.28991532963187 187.31217541143442 56.87997293756354 44.39745465669651 621.8655578259196 188.82945896046908 227.16001369068124 128.23185933390135 951.5984505368716 262.4444614166108 78.6110421119123 77.44884926335624 
13 410.9173293355808 185.06949899380925 57.25974540946248 50.06746170845969 306.28141572776366 187.30428729914289 56.882899900863094 44.408999380006605 621.8641916790515 188.82367149247546 227.16021025209238 128.23948005954878 950.7645802855089 262.8899119381766 77.46107227371533 74.3505618937105 
14 411.46740707309357 184.4453174622061 56.70498580182095 51.73299579610824 306.3803657755742 187.35826308964175 56.64426374735223 44.392156253750755 621.8638652454639 188.82528503930436 227.1608582644767 128.2373109688589 950.939232226335 262.52565040098426 77.15419685278334 75.04209625707114 
15 412.18121527505537 187.20752598789485 57.165288103506384 55.10441877668572 620.8421886677539 189.48753594745278 228.81196883997382 125.8625487163909 307.46422067224245 187.28972370572217 55.618087664431414 44.34360188163967 1039.987094478857 199.91990336885686 51.99604440525832 41.99014199217041 960.3540186336286 259.9699255577615 80.00636112866096 78.84283711447466 
16 410.4985366241179 187.53284621616166 60.605201990139506 54.91598339667249 621.9894256643825 189.00186035547853 227.01320012932274 127.99959157849275 307.3604896430873 187.18843367073745 55.65489268977126 44.662430107286355 1041.2035118027568 199.90160207536184 50.70538322225457 42.23263899465269 972.4666721163243 262.8236548904858 70.46598825312151 70.27866245835793 
17 410.8705124929287 187.82126060211894 59.322308665476044 53.45002019507933 621.8672251885092 188.8201726047978 227.15555555085598 128.24437145304893 307.0866460830727 187.13533483886442 56.05372811687687 44.77226844730504 1041.2751872420624 200.3937393272177 50.717351375790486 41.356935009000296 968.0051524797602 263.0008336010627 73.99337275072844 70.00165725459408 
18 409.5680319268875 186.54071012070733 63.27382837958527 59.034331566924976 622.8694573417071 187.8230456096068 226.1527011414547 129.23989407104662 307.0882482252725 187.13788769938577 56.04990130056848 44.77175670221149 975.718273327753 260.9396221240904 75.95870488409173 74.46621010232656 
19 409.8557092352858 186.82302107485992 61.259803445442685 56.31650039823296 624.8739825025034 187.17424437682763 223.5122615251895 130.61099050080128 307.0912011825354 187.13582589733232 56.0461410693548 44.77415446214712 978.0876154273288 261.0830311657474 69.83737755555023 72.92626405996276 
20 409.6039374003168 186.62355801070436 61.96941288619945 56.60497961971933 623.0061727213724 188.0178663550559 225.99439782720196 128.9769190258511 307.0912011825354 187.13582589733232 56.0461410693548 44.77415446214712 978.0389396051324 261.12165110091155 69.8229336616763 72.93226244385835 
21 409.86431259258956 189.4837684405797 62.56672627517929 56.08820142611887 620.8809132080426 188.50826951047628 228.7759968137026 127.83408861337244 307.0891774016651 187.13702489540483 56.047062467021476 44.77297348952973 986.4870848257391 261.6347487497046 73.12720522946086 70.68706615722971 
22 409.44365687761916 187.9692344084313 62.45336682824046 57.02238424166947 623.8502851937051 187.10772692932986 224.53889511897592 130.69605519613035 307.0932993604771 187.13725791805155 56.04323353359206 44.77160828481993 993.4046479445348 263.26384657876065 72.39872844420995 63.004715993051946 
23 409.875401220471 187.64325491151112 62.29263299670657 55.610646363858876 620.9098892245017 188.55175119967421 228.74356860591286 127.7760933862942 307.50800112933433 187.2643708941838 55.494399152776964 44.517429614858 990.091997932938 261.84005298326247 73.72043114207213 68.02673251963375 
24 407.39471086587395 187.81388119759117 67.98720502160825 59.782973204404755 623.8441808224989 187.1066004642044 224.5467841510141 130.6981637452448 307.5080001729463 187.26432612077843 55.4943947239787 44.51749523076839 
25 407.42915260840806 187.26113170153977 66.11990674030977 58.35997154962723 621.8974660341377 187.87810478375016 227.12331626865773 129.16698435525004 307.5078821617183 187.26436306700535 55.494568217240555 44.51745856818641 
